NPROC, SIZE, NQBITS, TARGET, NREPEAT, TIME, BANDWIDTH
128,          256,            0,          100,     0.004096,   0.00054121,     0.756822
128,          256,            1,          100,     0.004096,  0.000509024,     0.804678
128,          256,            2,          100,     0.004096,  0.000480175,     0.853022
128,          256,            3,          100,     0.004096,  0.000533104,      0.76833
128,          256,            4,          100,     0.004096,  0.000550032,     0.744684
128,          256,            5,          100,     0.004096,  0.000522852,     0.783396
128,          256,            6,          100,     0.004096,  0.000607014,     0.674779
128,          256,            7,          100,     0.004096,  0.000645161,     0.634881
128,          512,            0,          100,     0.008192,  0.000482082,      1.69929
128,          512,            1,          100,     0.008192,  0.000550985,      1.48679
128,          512,            2,          100,     0.008192,  0.000527859,      1.55193
128,          512,            3,          100,     0.008192,  0.000510931,      1.60335
128,          512,            4,          100,     0.008192,  0.000555992,       1.4734
128,          512,            5,          100,     0.008192,  0.000573158,      1.42927
128,          512,            6,          100,     0.008192,  0.000611067,      1.34061
128,          512,            7,          100,     0.008192,  0.000674963,       1.2137
128,         1024,            0,          100,     0.016384,  0.000595093,      2.75318
128,         1024,            1,          100,     0.016384,  0.000592947,      2.76315
128,         1024,            2,          100,     0.016384,  0.000511885,      3.20072
128,         1024,            3,          100,     0.016384,  0.000545025,       3.0061
128,         1024,            4,          100,     0.016384,  0.000598907,      2.73565
128,         1024,            5,          100,     0.016384,  0.000609875,      2.68645
128,         1024,            6,          100,     0.016384,  0.000700951,       2.3374
128,         1024,            7,          100,     0.016384,  0.000836134,      1.95949
128,         2048,            0,          100,     0.032768,  0.000627995,      5.21788
128,         2048,            1,          100,     0.032768,  0.000577927,      5.66992
128,         2048,            2,          100,     0.032768,  0.000542879,      6.03597
128,         2048,            3,          100,     0.032768,  0.000570059,      5.74818
128,         2048,            4,          100,     0.032768,  0.000540018,      6.06794
128,         2048,            5,          100,     0.032768,  0.000681877,      4.80556
128,         2048,            6,          100,     0.032768,  0.000801802,       4.0868
128,         2048,            7,          100,     0.032768,  0.000872135,      3.75722
128,         4096,            0,          100,     0.065536,   0.00309992,      2.11412
128,         4096,            1,          100,     0.065536,  0.000589848,      11.1107
128,         4096,            2,          100,     0.065536,  0.000582218,      11.2563
128,         4096,            3,          100,     0.065536,  0.000574112,      11.4152
128,         4096,            4,          100,     0.065536,   0.00064683,      10.1319
128,         4096,            5,          100,     0.065536,  0.000792027,      8.27447
128,         4096,            6,          100,     0.065536,  0.000891209,      7.35361
128,         4096,            7,          100,     0.065536,   0.00133395,      4.91292
128,         8192,            0,          100,     0.131072,   0.00294995,      4.44319
128,         8192,            1,          100,     0.131072,   0.00264215,       4.9608
128,         8192,            2,          100,     0.131072,  0.000633001,      20.7064
128,         8192,            3,          100,     0.131072,  0.000664949,      19.7116
128,         8192,            4,          100,     0.131072,  0.000757933,      17.2934
128,         8192,            5,          100,     0.131072,   0.00087595,      14.9634
128,         8192,            6,          100,     0.131072,   0.00131583,      9.96115
128,         8192,            7,          100,     0.131072,   0.00314498,      4.16766
128,        16384,            0,          100,     0.262144,   0.00264502,      9.91087
128,        16384,            1,          100,     0.262144,   0.00250292,      10.4735
128,        16384,            2,          100,     0.262144,   0.00187492,      13.9816
128,        16384,            3,          100,     0.262144,  0.000780106,      33.6037
128,        16384,            4,          100,     0.262144,  0.000746012,      35.1394
128,        16384,            5,          100,     0.262144,   0.00111198,      23.5744
128,        16384,            6,          100,     0.262144,   0.00310087,      8.45388
128,        16384,            7,          100,     0.262144,   0.00552702,      4.74295
128,        32768,            0,          100,     0.524288,   0.00270295,      19.3969
128,        32768,            1,          100,     0.524288,   0.00229216,      22.8731
128,        32768,            2,          100,     0.524288,   0.00195003,      26.8862
128,        32768,            3,          100,     0.524288,     0.001966,      26.6678
128,        32768,            4,          100,     0.524288,   0.00122499,      42.7992
128,        32768,            5,          100,     0.524288,   0.00290608,       18.041
128,        32768,            6,          100,     0.524288,   0.00546098,      9.60063
128,        32768,            7,          100,     0.524288,     0.009866,      5.31409
128,        65536,            0,          100,      1.04858,   0.00244498,      42.8869
128,        65536,            1,          100,      1.04858,    0.0022471,      46.6636
128,        65536,            2,          100,      1.04858,   0.00193596,      54.1631
128,        65536,            3,          100,      1.04858,   0.00162697,      64.4497
128,        65536,            4,          100,      1.04858,   0.00240588,      43.5839
128,        65536,            5,          100,      1.04858,   0.00529289,       19.811
128,        65536,            6,          100,      1.04858,   0.00999308,       10.493
128,        65536,            7,          100,      1.04858,    0.0188801,      5.55386
128,       131072,            0,           10,      2.09715,  0.000594139,      35.2973
128,       131072,            1,           10,      2.09715,  0.000381947,      54.9069
128,       131072,            2,           10,      2.09715,  0.000294924,      71.1083
128,       131072,            3,           10,      2.09715,  0.000306129,      68.5054
128,       131072,            4,           10,      2.09715,  0.000363111,       57.755
128,       131072,            5,           10,      2.09715,  0.000865936,      24.2183
128,       131072,            6,           10,      2.09715,   0.00208402,       10.063
128,       131072,            7,           10,      2.09715,   0.00385809,      5.43573
128,       262144,            0,           10,       4.1943,  0.000996113,      42.1067
128,       262144,            1,           10,       4.1943,  0.000515938,      81.2948
128,       262144,            2,           10,       4.1943,  0.000291109,       144.08
128,       262144,            3,           10,       4.1943,   0.00029707,      141.189
128,       262144,            4,           10,       4.1943,  0.000375032,      111.838
128,       262144,            5,           10,       4.1943,  0.000856876,      48.9488
128,       262144,            6,           10,       4.1943,   0.00230503,      18.1963
128,       262144,            7,           10,       4.1943,   0.00760984,      5.51168
128,       524288,            0,           10,      8.38861,   0.00180387,      46.5033
128,       524288,            1,           10,      8.38861,   0.00087595,      95.7658
128,       524288,            2,           10,      8.38861,  0.000414133,      202.558
128,       524288,            3,           10,      8.38861,  0.000339031,      247.429
128,       524288,            4,           10,      8.38861,  0.000488997,      171.547
128,       524288,            5,           10,      8.38861,  0.000983953,      85.2541
128,       524288,            6,           10,      8.38861,    0.0024209,      34.6508
128,       524288,            7,           10,      8.38861,    0.0080092,      10.4737
128,      1048576,            0,           10,      16.7772,   0.00341201,      49.1711
128,      1048576,            1,           10,      16.7772,   0.00158882,      105.595
128,      1048576,            2,           10,      16.7772,  0.000638962,       262.57
128,      1048576,            3,           10,      16.7772,  0.000531912,      315.413
128,      1048576,            4,           10,      16.7772,  0.000696898,      240.742
128,      1048576,            5,           10,      16.7772,   0.00107312,       156.34
128,      1048576,            6,           10,      16.7772,   0.00262403,      63.9367
128,      1048576,            7,           10,      16.7772,   0.00829816,       20.218
128,      2097152,            0,           10,      33.5544,   0.00662923,      50.6159
128,      2097152,            1,           10,      33.5544,   0.00299478,      112.043
128,      2097152,            2,           10,      33.5544,   0.00118899,      282.209
128,      2097152,            3,           10,      33.5544,   0.00081706,      410.673
128,      2097152,            4,           10,      33.5544,   0.00104809,      320.149
128,      2097152,            5,           10,      33.5544,   0.00143886,      233.202
128,      2097152,            6,           10,      33.5544,   0.00284791,      117.821
128,      2097152,            7,           10,      33.5544,   0.00865197,      38.7824
128,      4194304,            0,           10,      67.1089,     0.013093,      51.2555
128,      4194304,            1,           10,      67.1089,   0.00584698,      114.775
128,      4194304,            2,           10,      67.1089,   0.00197387,      339.987
128,      4194304,            3,           10,      67.1089,   0.00134516,      498.892
128,      4194304,            4,           10,      67.1089,   0.00171518,      391.264
128,      4194304,            5,           10,      67.1089,   0.00250292,      268.122
128,      4194304,            6,           10,      67.1089,   0.00390601,      171.809
128,      4194304,            7,           10,      67.1089,   0.00936794,      71.6367
128,      8388608,            0,           10,      134.218,     0.025897,      51.8275
128,      8388608,            1,           10,      134.218,    0.0104239,       128.76
128,      8388608,            2,           10,      134.218,   0.00423598,      316.851
128,      8388608,            3,           10,      134.218,   0.00251985,      532.643
128,      8388608,            4,           10,      134.218,   0.00293708,      456.977
128,      8388608,            5,           10,      134.218,   0.00459099,       292.35
128,      8388608,            6,           10,      134.218,   0.00703311,      190.837
128,      8388608,            7,           10,      134.218,    0.0126832,      105.824
128,     16777216,            0,           10,      268.435,    0.0513618,      52.2636
128,     16777216,            1,           10,      268.435,    0.0227919,      117.777
128,     16777216,            2,           10,      268.435,   0.00749612,      358.099
128,     16777216,            3,           10,      268.435,     0.004462,      601.603
128,     16777216,            4,           10,      268.435,   0.00518894,      517.322
128,     16777216,            5,           10,      268.435,   0.00863218,      310.971
128,     16777216,            6,           10,      268.435,    0.0136371,      196.843
128,     16777216,            7,           10,      268.435,     0.025183,      106.594
128,     33554432,            0,           10,      536.871,     0.100808,      53.2568
128,     33554432,            1,           10,      536.871,     0.045038,      119.204
128,     33554432,            2,           10,      536.871,    0.0144498,      371.541
128,     33554432,            3,           10,      536.871,   0.00895214,      599.712
128,     33554432,            4,           10,      536.871,      0.01125,      477.218
128,     33554432,            5,           10,      536.871,    0.0172629,      310.996
128,     33554432,            6,           10,      536.871,      0.02685,      199.952
128,     33554432,            7,           10,      536.871,     0.048332,       111.08
128,     67108864,            0,           10,      1073.74,     0.185661,      57.8334
128,     67108864,            1,           10,      1073.74,     0.085851,       125.07
128,     67108864,            2,           10,      1073.74,    0.0326531,      328.833
128,     67108864,            3,           10,      1073.74,    0.0179379,      598.588
128,     67108864,            4,           10,      1073.74,     0.021946,      489.266
128,     67108864,            5,           10,      1073.74,     0.034122,      314.677
128,     67108864,            6,           10,      1073.74,     0.053298,       201.46
128,     67108864,            7,           10,      1073.74,     0.091363,      117.525
128,    134217728,            0,           10,      2147.48,     0.332472,      64.5914
128,    134217728,            1,           10,      2147.48,     0.170897,       125.66
128,    134217728,            2,           10,      2147.48,    0.0593381,      361.906
128,    134217728,            3,           10,      2147.48,    0.0334871,      641.287
128,    134217728,            4,           10,      2147.48,     0.041604,      516.172
128,    134217728,            5,           10,      2147.48,    0.0627351,       342.31
128,    134217728,            6,           10,      2147.48,     0.106138,      202.329
128,    134217728,            7,           10,      2147.48,     0.183448,      117.062
128,    268435456,            0,           10,      4294.97,     0.631818,      67.9779
128,    268435456,            1,           10,      4294.97,     0.276393,      155.393
128,    268435456,            2,           10,      4294.97,     0.101254,      424.178
128,    268435456,            3,           10,      4294.97,     0.064584,       665.02
128,    268435456,            4,           10,      4294.97,    0.0720949,      595.738
128,    268435456,            5,           10,      4294.97,     0.108417,      396.152
128,    268435456,            6,           10,      4294.97,     0.167669,      256.157
128,    268435456,            7,           10,      4294.97,     0.307533,      139.659
128,    536870912,            0,           10,      8589.93,      1.26303,      68.0106
128,    536870912,            1,           10,      8589.93,     0.552034,      155.605
128,    536870912,            2,           10,      8589.93,      0.20216,      424.907
128,    536870912,            3,           10,      8589.93,     0.128544,      668.249
128,    536870912,            4,           10,      8589.93,      0.14335,      599.228
128,    536870912,            5,           10,      8589.93,     0.216947,      395.946
128,    536870912,            6,           10,      8589.93,     0.335016,      256.404
128,    536870912,            7,           10,      8589.93,     0.614449,      139.799
128,   1073741824,            0,           10,      17179.9,      2.52572,      68.0196
128,   1073741824,            1,           10,      17179.9,      1.10351,      155.684
128,   1073741824,            2,           10,      17179.9,     0.403974,      425.272
128,   1073741824,            3,           10,      17179.9,     0.256599,      669.522
128,   1073741824,            4,           10,      17179.9,     0.285983,       600.73
128,   1073741824,            5,           10,      17179.9,     0.433986,      395.862
128,   1073741824,            6,           10,      17179.9,     0.669749,      256.512
128,   1073741824,            7,           10,      17179.9,       1.2281,       139.89
